# Taller 1 Fay Herriot

Resultados por sección y sexo usando estimaciones directas HT y el modelo **Fay–Herriot REML**.

## Resultados agregados por sexo

| Sexo | Variable | N Secciones | CV Directo (Mediana %) | CV FH (Mediana %) | % con MSE(FH)<Var(Dir) |
| --- | --- | --- | --- | --- | --- |
| H | Ingreso | 25.000 | 4.098 | 4.073 | 1.000 |
| M | Ingreso | 25.000 | 3.748 | 3.749 | 1.000 |
| H | Pobreza | 22.000 | 40.211 | 37.898 | 1.000 |
| M | Pobreza | 19.000 | 15.332 | 14.136 | 1.000 |


## Comparación H vs M EBLUP

**Ingreso**  resumen por sección Hombres/Mujeres:

| N Secciones | Proporción H > M | Diferencia promedio | Diferencia mediana | Proporción \|z\| > 1.96 |
| ---:        | ---:             | ---:                | ---:               | ---:                     |
| 25          | 0.960            | 1,905.747           | 1,166.346          | 0.200                    |



**Pobreza** resumen por sección Hombres/Mujeres:

| N Secciones | Proporción H > M | Diferencia promedio | Diferencia mediana | Proporción \|z\| > 1.96 |
| ---:        | ---:             | ---:                | ---:               | ---:                     |
| 18          | 0.555556         | 0.000302            | 0.000696           | 0.000000                 |



## Comparaciones por sección

### Ingreso EBLUP vs FH

**Top 10 H**

| Sección | Ingreso H | CV H (%) | Ingreso M | CV M (%) | H − M | z | Sig.95 |
| --- | --- | --- | --- | --- | --- | --- | --- |
| 18 | 38,237.489 | 2.933 | 34,490.147 | 2.448 | 3,747.342 | 2.670 | True |
| 24 | 29,745.424 | 3.412 | 28,579.077 | 3.054 | 1,166.346 | 0.871 | False |
| 15 | 28,805.620 | 4.869 | 24,700.682 | 4.507 | 4,104.938 | 2.292 | True |
| 6 | 28,744.329 | 7.965 | 23,369.880 | 7.198 | 5,374.449 | 1.892 | False |
| 23 | 28,042.471 | 6.170 | 24,036.557 | 5.436 | 4,005.914 | 1.847 | False |
| 7 | 24,951.781 | 6.240 | 23,803.839 | 5.449 | 1,147.942 | 0.566 | False |
| 10 | 24,573.663 | 2.534 | 22,802.180 | 2.084 | 1,771.483 | 2.262 | True |
| 4 | 24,551.732 | 8.944 | 21,687.229 | 7.394 | 2,864.504 | 1.053 | False |
| 5 | 23,046.491 | 7.702 | 22,366.355 | 6.210 | 680.137 | 0.302 | False |
| 14 | 22,692.003 | 4.442 | 21,563.911 | 3.972 | 1,128.091 | 0.853 | False |

**Bottom 10 H**

| Sección | Ingreso H | CV H (%) | Ingreso M | CV M (%) | H − M | z | Sig.95 |
| --- | --- | --- | --- | --- | --- | --- | --- |
| 17 | 8,762.646 | 2.749 | 8,153.915 | 2.597 | 608.731 | 1.898 | False |
| 16 | 8,839.645 | 4.073 | 7,721.939 | 3.749 | 1,117.705 | 2.419 | True |
| 99 | 10,237.492 | 3.517 | 9,618.952 | 3.290 | 618.540 | 1.290 | False |
| 13 | 10,891.520 | 2.993 | 10,744.037 | 2.859 | 147.483 | 0.329 | False |
| 11 | 11,091.858 | 2.835 | 10,467.254 | 2.636 | 624.604 | 1.493 | False |
| 21 | 11,180.330 | 3.244 | 10,441.495 | 3.007 | 738.834 | 1.540 | False |
| 9 | 11,521.899 | 3.766 | 11,183.123 | 3.572 | 338.776 | 0.574 | False |
| 20 | 13,532.389 | 3.660 | 12,690.759 | 3.219 | 841.630 | 1.311 | False |
| 22 | 15,432.824 | 4.044 | 14,194.231 | 3.637 | 1,238.593 | 1.529 | False |
| 3 | 16,801.307 | 11.771 | 16,987.378 | 9.802 | -186.072 | -0.072 | False |

**Top 10 M**

| Sección | Ingreso H | CV H (%) | Ingreso M | CV M (%) | H − M | z | Sig.95 |
| --- | --- | --- | --- | --- | --- | --- | --- |
| 18 | 38,237.489 | 2.933 | 34,490.147 | 2.448 | 3,747.342 | 2.670 | True |
| 24 | 29,745.424 | 3.412 | 28,579.077 | 3.054 | 1,166.346 | 0.871 | False |
| 15 | 28,805.620 | 4.869 | 24,700.682 | 4.507 | 4,104.938 | 2.292 | True |
| 23 | 28,042.471 | 6.170 | 24,036.557 | 5.436 | 4,005.914 | 1.847 | False |
| 7 | 24,951.781 | 6.240 | 23,803.839 | 5.449 | 1,147.942 | 0.566 | False |
| 6 | 28,744.329 | 7.965 | 23,369.880 | 7.198 | 5,374.449 | 1.892 | False |
| 10 | 24,573.663 | 2.534 | 22,802.180 | 2.084 | 1,771.483 | 2.262 | True |
| 5 | 23,046.491 | 7.702 | 22,366.355 | 6.210 | 680.137 | 0.302 | False |
| 4 | 24,551.732 | 8.944 | 21,687.229 | 7.394 | 2,864.504 | 1.053 | False |
| 14 | 22,692.003 | 4.442 | 21,563.911 | 3.972 | 1,128.091 | 0.853 | False |

**Bottom 10 M**

| Sección | Ingreso H | CV H (%) | Ingreso M | CV M (%) | H − M | z | Sig.95 |
| --- | --- | --- | --- | --- | --- | --- | --- |
| 16 | 8,839.645 | 4.073 | 7,721.939 | 3.749 | 1,117.705 | 2.419 | True |
| 17 | 8,762.646 | 2.749 | 8,153.915 | 2.597 | 608.731 | 1.898 | False |
| 99 | 10,237.492 | 3.517 | 9,618.952 | 3.290 | 618.540 | 1.290 | False |
| 21 | 11,180.330 | 3.244 | 10,441.495 | 3.007 | 738.834 | 1.540 | False |
| 11 | 11,091.858 | 2.835 | 10,467.254 | 2.636 | 624.604 | 1.493 | False |
| 13 | 10,891.520 | 2.993 | 10,744.037 | 2.859 | 147.483 | 0.329 | False |
| 9 | 11,521.899 | 3.766 | 11,183.123 | 3.572 | 338.776 | 0.574 | False |
| 2 | 18,839.073 | 16.212 | 12,563.900 | 15.974 | 6,275.173 | 1.717 | False |
| 20 | 13,532.389 | 3.660 | 12,690.759 | 3.219 | 841.630 | 1.311 | False |
| 22 | 15,432.824 | 4.044 | 14,194.231 | 3.637 | 1,238.593 | 1.529 | False |


### Pobreza EBLUP FH

**Top 10 H**

| Sección | Pobreza H | CV H (%) | Pobreza M | CV M (%) | H − M | z | Sig.95 |
| --- | --- | --- | --- | --- | --- | --- | --- |
| 17 | 0.120384 | 5.921990 | 0.121847 | 5.719600 | -0.001464 | -0.146809 | False |
| 13 | 0.112587 | 7.744385 | 0.115261 | 7.366194 | -0.002674 | -0.219735 | False |
| 16 | 0.106246 | 7.825353 | 0.103386 | 8.077318 | 0.002860 | 0.242708 | False |
| 99 | 0.102777 | 7.723170 | 0.102917 | 7.540082 | -0.000139 | -0.012550 | False |
| 11 | 0.099205 | 7.270463 | 0.109559 | 6.630027 | -0.010355 | -1.011552 | False |
| 20 | 0.064509 | 10.886913 | 0.062837 | 10.703263 | 0.001673 | 0.171999 | False |
| 21 | 0.063228 | 9.441878 | 0.058777 | 9.141605 | 0.004450 | 0.554085 | False |
| 9 | 0.059939 | 11.078837 | 0.056970 | 11.315618 | 0.002969 | 0.320786 | False |
| 22 | 0.056985 | 13.342917 | 0.043298 | 14.135950 | 0.013687 | 1.402281 | False |
| 10 | 0.024009 | 12.638555 | 0.024279 | 11.559803 | -0.000270 | -0.065399 | False |

**Bottom 10 H**

| Sección | Pobreza H | CV H (%) | Pobreza M | CV M (%) | H − M | z | Sig.95 |
| --- | --- | --- | --- | --- | --- | --- | --- |
| 18 | 0.001666 | 69.373473 | 0.002666 | 42.358858 | -0.000999 | -0.618499 | False |
| 24 | 0.002175 | 66.163435 | 0.001669 | 69.619138 | 0.000506 | 0.273756 | False |
| 12 | 0.003353 | 52.351827 | 0.008868 | 29.061803 | -0.005515 | -1.768584 | False |
| 15 | 0.004928 | 74.353411 | 0.002174 | 92.275030 | 0.002754 | 0.659292 | False |
| 3 | 0.007080 | 124.079774 | 0.013445 | 74.477068 | -0.006365 | -0.477863 | False |
| 19 | 0.009852 | 46.009673 | 0.008155 | 46.844040 | 0.001698 | 0.286403 | False |
| 7 | 0.013403 | 46.310472 | 0.012518 | 46.261395 | 0.000885 | 0.104248 | False |
| 14 | 0.018835 | 29.787317 | 0.017093 | 29.617879 | 0.001741 | 0.230418 | False |
| 10 | 0.024009 | 12.638555 | 0.024279 | 11.559803 | -0.000270 | -0.065399 | False |
| 22 | 0.056985 | 13.342917 | 0.043298 | 14.135950 | 0.013687 | 1.402281 | False |

**Top 10 M**

| Sección | Pobreza H | CV H (%) | Pobreza M | CV M (%) | H − M | z | Sig.95 |
| --- | --- | --- | --- | --- | --- | --- | --- |
| 17 | 0.120384 | 5.921990 | 0.121847 | 5.719600 | -0.001464 | -0.146809 | False |
| 13 | 0.112587 | 7.744385 | 0.115261 | 7.366194 | -0.002674 | -0.219735 | False |
| 11 | 0.099205 | 7.270463 | 0.109559 | 6.630027 | -0.010355 | -1.011552 | False |
| 16 | 0.106246 | 7.825353 | 0.103386 | 8.077318 | 0.002860 | 0.242708 | False |
| 99 | 0.102777 | 7.723170 | 0.102917 | 7.540082 | -0.000139 | -0.012550 | False |
| 20 | 0.064509 | 10.886913 | 0.062837 | 10.703263 | 0.001673 | 0.171999 | False |
| 21 | 0.063228 | 9.441878 | 0.058777 | 9.141605 | 0.004450 | 0.554085 | False |
| 9 | 0.059939 | 11.078837 | 0.056970 | 11.315618 | 0.002969 | 0.320786 | False |
| 22 | 0.056985 | 13.342917 | 0.043298 | 14.135950 | 0.013687 | 1.402281 | False |
| 10 | 0.024009 | 12.638555 | 0.024279 | 11.559803 | -0.000270 | -0.065399 | False |

**Bottom 10 M**

| Sección | Pobreza H | CV H (%) | Pobreza M | CV M (%) | H − M | z | Sig.95 |
| --- | --- | --- | --- | --- | --- | --- | --- |
| 24 | 0.002175 | 66.163435 | 0.001669 | 69.619138 | 0.000506 | 0.273756 | False |
| 15 | 0.004928 | 74.353411 | 0.002174 | 92.275030 | 0.002754 | 0.659292 | False |
| 18 | 0.001666 | 69.373473 | 0.002666 | 42.358858 | -0.000999 | -0.618499 | False |
| 19 | 0.009852 | 46.009673 | 0.008155 | 46.844040 | 0.001698 | 0.286403 | False |
| 12 | 0.003353 | 52.351827 | 0.008868 | 29.061803 | -0.005515 | -1.768584 | False |
| 7 | 0.013403 | 46.310472 | 0.012518 | 46.261395 | 0.000885 | 0.104248 | False |
| 3 | 0.007080 | 124.079774 | 0.013445 | 74.477068 | -0.006365 | -0.477863 | False |
| 14 | 0.018835 | 29.787317 | 0.017093 | 29.617879 | 0.001741 | 0.230418 | False |
| 10 | 0.024009 | 12.638555 | 0.024279 | 11.559803 | -0.000270 | -0.065399 | False |
| 22 | 0.056985 | 13.342917 | 0.043298 | 14.135950 | 0.013687 | 1.402281 | False |


## Conclusiones

- **Precisión:** FH reduce el MSE en prácticamente todas las secciones. En **pobreza**, además, baja el C.V. mediano; en **ingreso** se mantiene similar pero con MSE menor.

- **Brecha H–M en ingreso:** mayormente positiva (H > M) y de magnitud considerable; sin embargo, solo una fracción de secciones muestra diferencia **estadísticamente significativa** (|z|>1.96).

- **Brecha H–M en pobreza:** diferencias pequeñas y no significativas en conjunto.

- **Secciones extremas (Top/Bottom):** al listar H y M lado a lado se observan patrones coherentes (p.ej., secciones con ingreso H alto suelen tener también ingreso M alto), y la columna **H−M** permite identificar rápidamente brechas por sección.
